 
STEADY-STATE RESULTS:
 
y   		 1.0301
c   		 0.793902
k   		 10.2696
i   		 0.236201
l   		 0.331892
y_l 		 3.10373
z   		 0
 
MODEL SUMMARY
 
  Number of variables:         7
  Number of stochastic shocks: 1
  Number of state variables:   2
  Number of jumpers:           3
  Number of static variables:  3


MATRIX OF COVARIANCE OF EXOGENOUS SHOCKS

Variables    e         
e            0.000109
 
POLICY AND TRANSITION FUNCTIONS
                                     y               c               k               i               l               y_l             z  
Constant                    1.030103        0.793902       10.269592        0.236201        0.331892        3.103727               0
k(-1)                       0.016113        0.041667        0.951446       -0.025554       -0.008169        0.124945               0
z(-1)                       0.971376        0.205065        0.766311        0.766311        0.151823        1.506992        0.950000
e                           1.022501        0.215858        0.806643        0.806643        0.159814        1.586308        1.000000


THEORETICAL MOMENTS (HP filter, lambda = 1600)

VARIABLE    MEAN       STD. DEV.  VARIANCE   
y              1.0301     0.0140     0.0002
c              0.7939     0.0034     0.0000
k             10.2696     0.0387     0.0015
i              0.2362     0.0110     0.0001
l              0.3319     0.0022     0.0000
y_l            3.1037     0.0223     0.0005
z              0.0000     0.0136     0.0002
 


MATRIX OF CORRELATIONS (HP filter, lambda = 1600)

Variables    y        c        k        i        l        y_l      z        
y            1.0000  0.9001  0.3510  0.9910  0.9821  0.9849  0.9990
c            0.9001  1.0000  0.7238  0.8335  0.8021  0.9620  0.8798
k            0.3510  0.7238  1.0000  0.2222  0.1685  0.5079  0.3088
i            0.9910  0.8335  0.2222  1.0000  0.9985  0.9527  0.9960
l            0.9821  0.8021  0.1685  0.9985  1.0000  0.9347  0.9896
y_l          0.9849  0.9620  0.5079  0.9527  0.9347  1.0000  0.9762
z            0.9990  0.8798  0.3088  0.9960  0.9896  0.9762  1.0000
 


COEFFICIENTS OF AUTOCORRELATION (HP filter, lambda = 1600)

Order    1       2       3       4       5       
y        0.7176  0.4780  0.2790  0.1178 -0.0090
c        0.8043  0.6152  0.4385  0.2783  0.1373
k        0.9588  0.8596  0.7225  0.5643  0.3981
i        0.7075  0.4621  0.2605  0.0992 -0.0260
l        0.7060  0.4597  0.2578  0.0965 -0.0285
y_l      0.7430  0.5182  0.3257  0.1648  0.0338
z        0.7133  0.4711  0.2711  0.1098 -0.0163


Relative standard deviations in %

VARIABLE    REL. S.D.  
y              1.3547
c              0.4269
k              0.3766
i              4.6586
l              0.6602
y_l            0.7172
